0	0.05819654566694906	0
3	0.05027427542126492	-0.02539410312181475
6	0.031714172424082344	-0.0430124584608252
9	0.008292716724484023	-0.04901161932561104
12	-0.013400526937624516	-0.04330235871365758
15	-0.02814638179867312	-0.029152259158654364
18	-0.03353755154007179	-0.011683519312909858
21	-0.030246247273183664	0.0040314055726676104
24	-0.02120948926150107	0.014517461426746694
27	-0.01022804271456333	0.018596818601819474
30	-0.0006030615235745495	0.017171057886693535
33	0.005716924989010022	0.012379704079308882
36	0.00831295167592753	0.006592010096778616
39	0.007926725372097881	0.0016292687867431837
42	0.005840059557163665	-0.0015849550366238423
45	0.0032975646727797345	-0.0029673515527374908
48	0.0011538632293720099	-0.0029720186574884863
51	-0.00021843588533926306	-0.002235600040492413
54	-0.000830877599658064	-0.0013102949583261127
57	-0.0009022308422369101	-0.0005383018451085029
60	-0.000695726859453032	-4892933966102458e-20
63	-0.0004185072498861507	0.00017571766016464326
66	-0.00018778986186808677	0.0002204559358751882
69	-4267391587941971e-20	0.00017603883017514512
72	2531162066705443e-20	0.00010814988816285161
75	4289393696666617e-20	5117088982068121e-20
78	36160422015992335e-21	15520616843660647e-21
81	2269102627662759e-20	-14153094869309944e-22
84	1111053591954385e-20	-6510160292080001e-21
87	38769862508280215e-22	-60082567670840165e-22
90	4092019037501341e-22	-38709750500721865e-22
93	-7364808808323144e-22	-1942422925377317e-21
96	-8021248993719698e-22	-7333816862389482e-22
99	-5368268003640585e-22	-15026634815857235e-23
102	-275009732174232e-21	54259276221468713e-24
105	-10894782845583552e-23	8499674751122509e-23
108	-28476629897110328e-24	6040310773253332e-23
111	8600171758691964e-25	3162675383067611e-23
114	69795233729667505e-25	12931816133511144e-24
117	54915978248357485e-25	3823109540395744e-24
120	2957593761511159e-24	418073352346297e-24
123	12377989816969133e-25	-4202499742844396e-25
126	392725605021539e-24	-4003655451418648e-25
129	7151748413022672e-26	-2247814474127758e-25
132	-15466301123895606e-27	-9602663973669117e-26
135	-23081828914219986e-27	-3182955385085762e-26
138	-138518740004312e-25	-7134997333998409e-27
141	-60533702110490915e-28	-4794595053484998e-29
144	-2066191147430893e-27	10231975283392024e-28
147	-5163867073272924e-28	6888613106076424e-28
150	-550347968951672e-28	31030480492709813e-29
153	32577978327998364e-30	1083021871913838e-28
156	2740931491273708e-29	28842560733403195e-30
159	12923348042192871e-30	4617223249300294e-30
162	4604304501335944e-30	-5766126791032753e-31
165	12761545184830195e-31	-8587382222143066e-31
168	24435308968539606e-32	-4360719604004006e-31
171	6849976523419229e-33	-15910445939666717e-32
174	-2049490000413715e-32	-4532028340921788e-32
177	-11857858645672987e-33	-9556999395260695e-33
180	-4470583000126106e-33	-955854626832531e-33
183	-1301123117127274e-33	34207562664596935e-35
186	-29056072100908066e-35	2573289311783579e-34
189	-405391841651877e-34	1020149372216586e-34
192	27198811820095247e-37	3031590066674421e-35
195	4375314259074688e-36	7022243333130372e-36
198	18844390292566987e-37	11446559469991246e-37
201	5742605862541109e-37	44960311606051434e-39
204	13647330389285533e-38	-5603344130637002e-38
207	24242931668341347e-39	-280075530095267e-37
210	2218246186957788e-39	-8844186014140869e-39
213	-4844429109769031e-40	-21463723428351174e-40
216	-3312364065493977e-40	-40157083291757117e-41
219	-1105631554287034e-40	-4849601757321114e-41
222	-27410384955289945e-42	14918284743003475e-43
225	-5303749575721522e-42	3051533554698615e-42
228	-7338720281150216e-43	11177658997677921e-43
231	-32369417041673954e-45	2846262282055635e-43
234	20883434689705185e-45	56422849206169e-42
237	9075802843956917e-45	8430933840512237e-45
240	2402483465675741e-45	6930588143198871e-46
243	4861910700287491e-46	-9193068691999591e-47
246	7614919664130446e-47	-5844427736478054e-47
249	7915646279504322e-48	-1645116055519519e-47
252	-6557493833840686e-50	-3403303976712688e-48
255	-2911711341547319e-49	-5498640321179367e-49
258	-9099785999410099e-50	-6442637990002299e-50
261	-19372087880582722e-51	-2895037767924907e-51
264	-3202812118635435e-51	10591829912357019e-52
267	-4020569212085778e-52	4034362867669502e-52
270	-29294604089389254e-54	8961091229955733e-53
273	23129865662218193e-55	1512280224003348e-53
276	14131169026995092e-55	19815058576150513e-55
279	3360478742286634e-55	17647743664299312e-56
282	5802680815665366e-56	919264781609497e-57
285	7825640844482236e-57	-3798449807553058e-57
288	7747822427978852e-58	-10166826946863861e-58
291	33592498464998994e-60	-18105416217048684e-59
294	-7293846075919633e-60	-24962717215252614e-60
297	-24596597661951555e-61	-2629675926476169e-60
300	-4589302354685346e-61	-16807611155536439e-62
303	-6459331450774152e-62	7570117256592488e-63
306	-7076123403272973e-63	46806067367429046e-64
309	-5378829494496184e-64	9423246145194212e-64
312	-6927790126552928e-66	13586231879233394e-65
315	6769043240072018e-66	15289765315672665e-66
318	1558730395782082e-66	1276776053162789e-66
321	23236177639185984e-68	51609063486435805e-69
324	2671462286921578e-68	-6797737430828314e-69
327	235934003860877e-68	-2056387300168803e-69
330	13120625178775769e-71	-3227030871586811e-70
333	-3096771953660774e-72	-37885937932892774e-72
336	-2122964275612468e-72	-3468195118744785e-72
339	-3627169741942415e-73	-22427540069065765e-74
342	-43682803555825956e-75	-3768365165077716e-75
345	-41012784224544024e-76	16460724658860807e-76
348	-28839862625251595e-77	3278985856156684e-76
351	-10615857823764107e-78	4094840305785915e-77
354	8534174418456265e-79	39256726777934446e-79
357	23570651911506283e-80	29041178545189464e-80
360	3115398010071998e-80	13960242425982078e-81
363	3051458522467473e-81	-14184732264688525e-83
366	23332077692188896e-83	-13179341951471982e-83
369	12800137037525397e-84	-1916341498614645e-83
372	2348290634208812e-85	-19286815750259497e-85
375	-5454750253241984e-86	-15104067555816148e-86
378	-9463156385324336e-87	-8931433084766642e-87
381	-9908679451698455e-88	-29436241071753815e-89
384	-792129776991832e-88	1432899430333072e-89
387	-4904869366911972e-90	37031119734336914e-91
390	-20272060275621746e-92	41291333745281316e-92
393	38292312661229277e-95	33750349525838817e-93
396	11191933362067306e-94	21546408263592403e-94
399	1389573097038164e-94	10004324737703839e-95
402	11693517013680124e-96	18423228810768396e-97
