0.0	0.08030502199382147	-0.0
3.0	0.07726650511170716	-0.0037405298105842514
6.0	0.07203256143019081	-0.006990684672480099
9.0	0.06506512562310782	-0.009509029592298365
12.0	0.05694260857094998	-0.011157528263776976
15.0	0.04828128010577023	-0.011910713587271492
18.0	0.03965972137005171	-0.011845245432719042
21.0	0.03155884854051019	-0.011114229704825377
24.0	0.024325277093018873	-0.009913366925309286
27.0	0.018160039105703137	-0.008446609926156154
30.0	0.013129461900821116	-0.006897706109893309
33.0	0.009191522931241307	-0.005411465904404403
36.0	0.006229690851066697	-0.004085735237172167
39.0	0.00408694606442003	-0.0029726529254129443
42.0	0.002594680740545176	-0.0020863225455689414
45.0	0.0015936825083544056	-0.0014136210402736062
48.0	0.0009466938246705759	-0.0009252954232006324
51.0	0.0005436698915476761	-0.0005853997011987036
54.0	0.0003016968462214593	-0.0003581271320728139
57.0	0.00016168179619066605	-0.00021192902207291044
60.0	8.361623636939124e-5	-0.00012135069222094872
63.0	4.1692935430974535e-5	-6.725150103456385e-5
66.0	2.0020248225590827e-5	-3.607960299451222e-5
69.0	9.243779811106806e-6	-1.8741287693748594e-5
72.0	4.095595771391062e-6	-9.427159074874383e-6
75.0	1.7363995539425774e-6	-4.592630508278029e-6
78.0	7.016078695104242e-7	-2.1671455010527127e-6
81.0	2.6854039964338247e-7	-9.906023490792997e-7
84.0	9.64141203867007e-8	-4.3865920129751995e-7
87.0	3.1912879242465736e-8	-1.8819035984272803e-7
90.0	9.400758467597818e-9	-7.822213101711068e-8
93.0	2.247808734158625e-9	-3.150203607067567e-8
96.0	2.8105968948921724e-10	-1.2292319354321273e-8
99.0	-1.185943513704952e-10	-4.647505625694345e-9
102.0	-1.260219231321347e-10	-1.7025377967848907e-9
105.0	-7.425216978098236e-11	-6.043095184370688e-10
108.0	-3.5809685407015095e-11	-2.0782517379024275e-10
111.0	-1.5412487919221942e-11	-6.92465373634646e-11
114.0	-6.1233479079147744e-12	-2.2353161587240718e-11
117.0	-2.283583177191523e-12	-6.990284959766614e-12
120.0	-8.070354192364248e-13	-2.1175495426001817e-12
123.0	-2.7189131342867287e-13	-6.213207071992064e-13
126.0	-8.766810500830307e-14	-1.765609010764239e-13
129.0	-2.7128841327381328e-14	-4.858627998203756e-14
132.0	-8.073007010681486e-15	-1.2945139400528234e-14
135.0	-2.3136937074993816e-15	-3.3388368672001956e-15
138.0	-6.393564616044869e-16	-8.334624767553477e-16
141.0	-1.7050557227336782e-16	-2.0131167572482996e-16
144.0	-4.391413760881996e-17	-4.703406668964759e-17
147.0	-1.0929301465236528e-17	-1.0625743779139263e-17
150.0	-2.6297153234962194e-18	-2.3201679575712888e-18
153.0	-6.119605931558121e-19	-4.893971480751552e-19
156.0	-1.377774540383759e-19	-9.965531939821064e-20
159.0	-3.0018670007401755e-20	-1.9574068901603134e-20
162.0	-6.330866760479986e-21	-3.704697269251904e-21
165.0	-1.2926401345768045e-21	-6.747350285421565e-22
168.0	-2.5556778120812575e-22	-1.1804659714051497e-22
171.0	-4.893378106580525e-23	-1.9791016503548384e-23
174.0	-9.07478483413512e-24	-3.1688877729899534e-24
177.0	-1.6301635623673135e-24	-4.82179607715019e-25
180.0	-2.8367977955672166e-25	-6.918469233991901e-26
183.0	-4.782516187649439e-26	-9.239408929584048e-27
186.0	-7.811562978546331e-27	-1.120483591047651e-27
189.0	-1.2362032978266126e-27	-1.1666424254297523e-28
192.0	-1.895501809958063e-28	-8.672534414050862e-30
195.0	-2.816098165943713e-29	7.467289629128372e-32
198.0	-4.0538043107644386e-30	2.070235461485788e-31
201.0	-5.6541396057733566e-31	5.638661990745554e-32
204.0	-7.64102399234956e-32	1.1374096989049735e-32
207.0	-1.0004731948168327e-32	1.9879230388986827e-33
210.0	-1.2691430515891785e-33	3.166627364622221e-34
213.0	-1.5597095756352622e-34	4.7034976366934483e-35
216.0	-1.8568453830958337e-35	6.594736020232079e-36
219.0	-2.1412666553312443e-36	8.792660779630481e-37
222.0	-2.3915833630995727e-37	1.1200979879156224e-37
225.0	-2.586832973254359e-38	1.3677857175831966e-38
228.0	-2.7093057257978068e-39	1.604780411723233e-39
231.0	-2.7471464451698447e-40	1.8121486064848795e-40
234.0	-2.696211193382859e-41	1.9720504426561433e-41
237.0	-2.5607818027359496e-42	2.070269552366179e-42
240.0	-2.352972798392038e-43	2.0982978200345005e-43
243.0	-2.0909443983805684e-44	2.0545513990356377e-44
246.0	-1.7962867601363203e-45	1.9444770929310376e-45
249.0	-1.491097178242288e-46	1.7795516838918758e-46
252.0	-1.195296139554813e-47	1.5754136724698383e-47
255.0	-9.246232086058701e-49	1.349533662051067e-48
258.0	-6.895596043669012e-50	1.1188869262840244e-49
261.0	-4.9520175754698803e-51	8.980351507849691e-51
264.0	-3.419193832860662e-52	6.978824620006224e-52
267.0	-2.2651431516229496e-53	5.25192191050418e-53
270.0	-1.4356634734114577e-54	3.8278620150670624e-54
273.0	-8.669708493844513e-56	2.7023556391005072e-55
276.0	-4.95729334450005e-57	1.8480570398517013e-56
279.0	-2.6570238547179174e-58	1.2243523206156671e-57
282.0	-1.3112022496555055e-59	7.858522851146883e-59
285.0	-5.741744552865813e-61	4.886956881783151e-60
288.0	-2.0225786621367296e-62	2.9445128576422233e-61
291.0	-3.4743997089811645e-64	1.7189965769605866e-62
294.0	2.7392772849678776e-65	9.723610729941085e-64
297.0	4.086871620384117e-66	5.3293067684516725e-65
300.0	3.5535564207303105e-67	2.830083840438142e-66
303.0	2.54880473143524e-68	1.4561403854460154e-67
306.0	1.6358440557955385e-69	7.258843254110355e-69
309.0	9.703323700942542e-71	3.505672217525479e-70
312.0	5.406271633165073e-72	1.640169088128137e-71
315.0	2.855591265385589e-73	7.433387157872637e-73
318.0	1.438246945755391e-74	3.2630675398659503e-74
321.0	6.934120305718685e-76	1.3872636432415375e-75
324.0	3.208836837015208e-77	5.711221331462487e-77
327.0	1.4281013017325226e-78	2.2765069151596517e-78
330.0	6.12163908126736e-80	8.78414793423644e-80
333.0	2.5302710824502565e-81	3.280402413529961e-81
336.0	1.0093543520993945e-82	1.1853321010762441e-82
339.0	3.888711724488693e-84	4.142912117684118e-84
342.0	1.4477796987253483e-85	1.400119604520522e-85
345.0	5.211199237880141e-87	4.57326442370033e-87
348.0	1.8141771963913225e-88	1.4429633933798554e-88
351.0	6.110387632295386e-90	4.395050643173432e-90
354.0	1.9916927363567922e-91	1.2911956764855506e-91
357.0	6.284045925787506e-93	3.6549642272632233e-93
360.0	1.9195672033288793e-94	9.955118371356647e-95
363.0	5.67786244683489e-96	2.604355622125252e-96
366.0	1.6264609128664174e-97	6.528008777538118e-98
369.0	4.512630903989192e-99	1.5623846656089596e-99
372.0	1.2127893736062276e-100	3.552316529556004e-101
375.0	3.1575121760796287e-102	7.611988689961882e-103
378.0	7.964104309064736e-104	1.516701349893749e-104
381.0	1.9461815027559405e-105	2.738937743971304e-106
384.0	4.607878228528596e-107	4.225352099779299e-108
387.0	1.0570645279654422e-108	4.5555638588263435e-110
390.0	2.3495869759341207e-110	-1.2460623734059059e-112
393.0	5.060261209740436e-112	-2.7187707494467345e-113
396.0	1.0559486961104169e-113	-1.0813440957724577e-114
399.0	2.1349781686922804e-115	-3.235925204537129e-116
402.0	4.182270201374292e-117	-8.425437076470414e-118
