1.561819839679357891e+00 5.421701363481752356e-01
1.611593186372745734e+00 5.131993707826494333e-01
1.760613226452905300e+00 2.833814072832257502e-01
1.794191783567134602e+00 2.761258042416964154e-01
1.820523647294588709e+00 2.376053379524454001e-01
1.852621442885769687e+00 2.412396021944760716e-01
1.880126653306613438e+00 2.926030893243291020e-01
1.913341082164327744e+00 4.056453378656108000e-01
1.935171943887774360e+00 4.839319692370925852e-01
1.968658517034066469e+00 3.471332581373224313e-01
